,alpha,beta_Market,beta_HML,beta_SMB,beta_WML,beta_IML,pvalue_alpha,pvalue_Market,pvalue_HML,pvalue_SMB,pvalue_WML,pvalue_IML,tvalue_alpha,tvalue_Market,tvalue_HML,tvalue_SMB,tvalue_WML,tvalue_IML,fvalue,f_pvalue,R_squared_adj
2006-01-31,0.00795864785496907,0.8706374630550633,-0.11170670670403138,0.43432231082938083,0.0698258552306989,-0.26147800872399946,0.32714475161267126,0.00016591751887186533,0.7141162559044312,0.35219729773060454,0.7633249853971362,0.46603307325116594,1.0534238914791167,7.277684911642192,-0.3815451579349519,0.9965040952312417,0.31310316054614573,-0.7708137510671953,20.905552292486444,0.0004459866774857429,0.89240347118379
2006-02-28,0.003019619600809407,1.02534344033713,0.18203379559312718,0.015479910446539916,0.02352837793349121,0.015762147625443628,0.5502537368801628,5.681080096444887e-06,0.28223162708516375,0.9462190487790183,0.867922028460513,0.9346654359409156,0.6274845671718011,12.202930532842828,1.1648618790057634,0.06991196122437296,0.17250523914550958,0.08496863362063876,56.576899311280116,1.6504721823699794e-05,0.9586042022165705
2006-03-31,0.004590632315114769,1.0132841141048539,0.15765792646743532,0.013749900278592943,-0.0018046339733822428,0.00014936677716791136,0.3712752825778058,2.7250419563998986e-05,0.3680355429258881,0.955485593599886,0.9912936235800562,0.9994128504867297,0.9552346386704771,9.638869073889595,0.9621264456127679,0.05784904950894909,-0.011307508826040816,0.0007625488527507377,42.83826006500736,4.215274106400175e-05,0.9457483183906139
2006-04-30,0.004521752922901743,1.1660967609215196,0.20064079096316867,-0.25363167164922085,0.14509284302146594,0.28722379399908937,0.42060451013016603,9.049224757953664e-05,0.29439648478417163,0.36232313463237864,0.45950807265594207,0.2799087870493684,0.8643468830891124,9.24439548747802,1.1487193351871194,-0.9857488430890111,0.7901728787446789,1.1874917137261112,28.895908890051516,0.0003974868577984626,0.926900363499996
2006-05-31,0.00588318889581442,1.0964087925337536,0.17198999167780377,-0.254709034714403,0.1593296941287391,0.30319128535551243,0.42008576569623024,0.0028691277971928746,0.6590668679670711,0.6103843202320942,0.5355836706965905,0.5205800015680537,0.8977185497225806,6.512712229395825,0.4757548808709528,-0.5519246735870696,0.6769192490620481,0.703422337543007,14.234647865117624,0.011734651062199489,0.8802765441433292
2006-06-30,0.005622539171218917,0.930362609971864,0.5973724363744355,0.258448673439047,0.29755318880139203,-0.7302467125979564,0.6235901513549685,0.054750942311609554,0.3759940679677215,0.7174966780865013,0.39880547374572606,0.4648478757691634,0.5745825949967323,4.096168797680397,1.12932622638252,0.41648499571424735,1.063965172059885,-0.8959032606173767,10.481089038035956,0.08938433767409952,0.8713364080464594
2006-07-31,0.01274373139207085,1.2464240528095372,-0.030205885328041415,-0.33975549073167954,-0.35934115857533033,0.2308739487580828,0.05735408342123194,0.0023523546401088592,0.8678755568821631,0.2062781837075305,0.11819282994618029,0.3867602887828211,3.0068754290941087,9.66403702956722,-0.18104121149980248,-1.6076337839474575,-2.172367872382775,1.0103117544002973,68.43859427547277,0.002729372773305684,0.9768245570931559
2006-08-31,0.009633796274134656,1.2121748450124175,0.08858995506634448,-0.42815060758816526,-0.2640092322892249,0.19331314431620683,0.011872980275086502,1.5044864510032953e-05,0.47368875009838635,0.0734774278443907,0.09273385029142922,0.27442461942759744,3.860582818934626,16.47342898020149,0.7744267789148801,-2.2586332465614563,-2.07427825302359,1.2270487546225977,147.38919283101933,2.0107132594464138e-05,0.9865219295162719
2006-09-30,0.010635172148387245,1.1900372394594687,0.032013278326624706,-0.3196099287672945,-0.22327159686280604,0.028998671123486003,0.0034618042398451097,2.1986749842727257e-05,0.6879927427055437,0.059127733469282164,0.05045297092709261,0.8240566212727253,6.190243508655334,22.782856941088433,0.43202486876804047,-2.614694092388065,-2.7676375454882427,0.23733574989087908,342.58037824373287,2.3691607824420116e-05,0.9947579998332858
2006-10-31,0.011072045644663516,1.1967682870365428,0.09085102088630581,-0.32109743393365275,-0.20334407492598988,0.044000971174968706,0.002795671278826853,1.749036283928126e-05,0.36826564305174775,0.04334270926716085,0.052532582009699284,0.6989721010783811,6.558357600019291,24.132331637729745,1.013213143781484,-2.9177066373442195,-2.7283441782343254,0.41568605787485713,263.9000178341454,3.9841555473417216e-05,0.9931998493436904
2006-11-30,0.012267592954801402,1.1433784397895663,0.10125850027129041,-0.2877212651788301,-0.15255180571152127,0.04590499359558986,0.0006615019657072183,3.479094886282664e-06,0.12922682428280052,0.024002249896344363,0.1365093578311664,0.5324497820888139,7.5115530426633335,22.1554667395,1.8150675414453996,-3.1997362343453988,-1.772488219403494,0.6701733577440278,154.497791255246,1.7893251291489665e-05,0.987138080973015
2006-12-31,0.010825501470319843,1.1283025664894428,0.12674769262178587,-0.2819591563302736,-0.25016511708482325,0.03180245783448882,0.0176155711438482,0.0001386412794302771,0.35554399241316204,0.11894104671013811,0.16042609305387814,0.7977631708310291,3.8950187199283293,14.30742177442057,1.0437070918627585,-1.9789748317949352,-1.7206599075738536,0.27384485760735183,73.15226784876828,0.0005064551397835642,0.97565997565239
2007-01-31,0.009535713430136743,1.1443223455566547,0.0788480619596302,-0.21524456138142933,-0.21506622608500234,-0.05199004564248877,0.005398515192262157,1.5913250157750022e-06,0.5808081816888003,0.11772512645456218,0.049497297348454185,0.6947972285602478,4.687221960721081,25.937651323689202,0.5900573315805716,-1.8875806320770914,-2.578912859976375,-0.4158035516560608,175.38775074766383,1.3067263092477073e-05,0.9886613441606773
2007-02-28,0.011772230120307625,1.0777553242976012,0.14766146014357312,-0.17961311469973618,-0.05573372735894039,-0.02216847081876476,0.010933483782260753,3.570836218162777e-06,0.5307386377980523,0.38291789244068264,0.6500221691364462,0.9192156814539882,3.6324193185312947,16.15988543769476,0.6650451650527376,-0.9412353835768318,-0.4773227086240516,-0.10576566814443057,62.8869946620027,4.217860663228362e-05,0.9656716622209719
2007-03-31,0.010222990283229932,1.0368915091288486,0.17976404331583667,-0.15211430865463887,-0.0056746973090821,-0.11696164120146711,0.06214670269873887,0.00043081870147162923,0.6371160972391923,0.4817416964606649,0.9804727277673202,0.7054020398313863,2.393128098309214,8.232633235781096,0.5018043886273241,-0.7596177646584752,-0.025723804377275845,-0.40039246809593076,45.66608013540918,0.0003568212846344631,0.9571423184849321
2007-04-30,0.00960305596979829,1.0372040767769755,0.1507411895391676,-0.1418741423209513,0.013925912658819706,-0.13060013181069233,0.10205212219590934,0.0003937287419237655,0.6090716436897039,0.5032600270126613,0.9563923378014584,0.6782298777617504,1.9991352135412368,8.391498934184689,0.5451578852764668,-0.7208968389005219,0.057475896708854085,-0.4401126553277849,50.68371736811322,0.00027704568476966275,0.961303093085291
2007-05-31,0.006745335539563295,0.9702679473847524,0.29204051957989086,0.0035561314631525065,0.0573313094073431,-0.19349848232049213,0.1640370937981379,0.00016597065039124077,0.2052274762422316,0.9868072518197799,0.7489562759433754,0.49278567362544945,1.629967617247487,10.061785284810952,1.4557616739093608,0.017377914226682403,0.33819229639991033,-0.7395949588578882,68.03921653135914,0.00013504726676570364,0.9710309574690559
2007-06-30,0.011098257000601979,0.9762368330032488,0.07493807113797571,-0.17356506711837327,-0.056068567652809695,0.016726245548093058,0.018528255305146554,2.8934960772493406e-06,0.5651273440318845,0.4153338595951023,0.605413743110131,0.9087959295379482,3.052103226283768,13.486564741317824,0.603632943089494,-0.8657055981832612,-0.5408073701246283,0.11876761913188956,45.59061427147135,3.4201218534512426e-05,0.9489259709154925
2007-07-31,0.011214056103817979,0.9750432190742525,0.07157921637800466,-0.17823128875219277,-0.05883795765283644,0.01674872396527884,0.023038800823223907,4.215643066923205e-06,0.44921583635336826,0.37713862634777334,0.553108759893201,0.9086616151126845,2.8983892600208185,12.75589212953629,0.801450986684763,-0.942876998718531,-0.6228765478426694,0.11894346972143913,44.41145541644965,3.734853406958516e-05,0.9476113566315942
2007-08-31,0.0069001868478473045,0.9718919280005994,0.04621806114189922,0.12757173870295216,-0.10760155149637675,-0.20660128615279122,0.2651586189591582,3.212251724240587e-05,0.7435676244845388,0.5407851957452008,0.427855866651099,0.15993655837157406,1.2110851273581096,9.39993441456697,0.3403649252163728,0.6428713836922875,-0.8415387194584719,-1.572042282179632,28.299953668076224,0.00016687194479446667,0.9191917931313239
2007-09-30,0.011341047433854206,0.9414271626489976,-0.03771586672852695,0.05100144183383426,-0.15480251623359376,-0.14818661280859682,0.07733296517674929,3.222706921458166e-05,0.7227466606924184,0.7605722443441559,0.24745696207211965,0.303734672659393,2.0689812992189425,9.3952667263771,-0.3694059026464409,0.3168852799993171,-1.2617423504188259,-1.1098366536411888,37.26913036532735,6.713876324648127e-05,0.9379349890383891
2007-10-31,0.010135814446788948,0.9675762772062985,-0.030415015913656168,0.05483372043389112,-0.1266699179608613,-0.1496753408240819,0.20513800778258204,7.746964504986332e-05,0.7868609674138433,0.7506685489956166,0.43506129487736467,0.3055052039157547,1.396879016252996,8.20589632056492,-0.2809644439295815,0.33053525462581035,-0.8278610996362622,-1.1054496354681844,37.04023734889428,6.853070919901357e-05,0.9375654219245076
2007-11-30,0.009840048267427914,0.9738047558163644,-0.027752634354100143,0.05979738470282213,-0.12814787343819756,-0.14649213021552324,0.1823781321456945,2.6615111245755204e-05,0.8131289774027881,0.742254329572696,0.42817411105377523,0.35056804787838686,1.4801420767390134,9.673567138956509,-0.24547663643860504,0.3421869210800433,-0.8409311703512337,-1.0001077159131821,44.2480341313923,3.781367158065182e-05,0.9474238037701275
2007-12-31,0.009525758283575868,0.9952866932708874,0.002575564808397754,0.054745426212360004,-0.05225985583328424,-0.08628514164646472,0.2559888873067494,0.00022941417976209204,0.9854864368736216,0.8405494496372015,0.7678744783063425,0.7040020512489487,1.282238116684859,9.40351323294801,0.019117977149661628,0.21190346500531484,-0.31166132846593875,-0.40242054480087197,32.92585456606373,0.0007849037924219975,0.9410479109345526
2008-01-31,0.007720322819757425,0.974516813720043,0.010360003758422276,0.10673635616025501,-0.12296211474507703,-0.2079422619296308,0.37590813630477665,0.00021554664903036051,0.9456724374340104,0.6088088815978088,0.5335424703969802,0.3419452047818419,0.9561711439344092,7.917200607644685,0.07104287139852615,0.5397397124869558,-0.6603548485501727,-1.0318128700346358,31.34631078072881,0.00031539042737315886,0.9324040130132767
2008-02-29,0.013643122948366546,0.9734369619043584,-0.08913203484828325,0.1544350017594241,-0.1311123370165913,-0.09610324463515746,0.09253458705163227,0.00016245415861094504,0.4916752339321586,0.45988147112919897,0.47476417613771615,0.5906099063389139,1.999155074584119,8.330201266411352,-0.732147881532353,0.7894832755429423,-0.7623127652773518,-0.5680492286084353,37.00948583177268,0.00019614529340600007,0.9424226745765155
2008-03-31,0.011931009343036966,0.9941535615406665,-0.07176532810661052,0.0797918927193168,-0.1607778530182883,-0.094550415696186,0.15657200963101586,0.00014680838372177615,0.5749688479912746,0.5747936346750452,0.30734274091031993,0.5668109691009684,1.619011777784397,8.48253366081453,-0.5927882836649095,0.5930676630529527,-1.1154175603860408,-0.6058508575035624,47.82935964656824,9.357912469262468e-05,0.9551289265073241
2008-04-30,0.015507318811343072,0.8975786171632099,-0.0930919487423979,0.14424285516311813,-0.21772673151832017,-0.0901084424435607,0.10176886113553696,0.00015801179219497003,0.5248462790678011,0.3602186013545242,0.24931161457663914,0.6320881523088646,1.9305337800664935,8.37167180141103,-0.6749542724748141,0.9904088724527208,-1.2754291505640725,-0.5042124059678728,39.99296316296918,0.00015694902655157434,0.9465928199606259
2008-05-31,0.018658035907220205,0.8340102705880446,-0.26713099505438254,0.17227980629943726,-0.11751263849589916,-0.017107759783420162,0.046441912269554374,0.001225256527677892,0.19032848463868418,0.3268745829909143,0.5425904551210501,0.9229173689746678,2.631630795782272,6.570237430762855,-1.5144858390807918,1.086411556093681,-0.6529927367455333,-0.10173969925986018,43.57219676091958,0.0003997775743869197,0.9551289784811867
2008-06-30,0.006123378318980514,0.8523802862801757,-0.07146538714311201,0.17817452069904882,0.09055724526429032,-0.2730388666564305,0.4926429159365879,0.0003257347326910962,0.5387191263150592,0.20165265443761748,0.7922558594770742,0.08462683051989585,0.7542993195404794,11.506206605022195,-0.6714479213584506,1.5262367828979857,0.28154700707226515,-2.28170974530593,92.93151694936165,0.0003159876509197598,0.980796213924795
2008-07-31,0.011100724500026068,0.9343371383326019,0.044949332401729436,0.17253873239408363,-0.27329623046472107,-0.23347732578977903,0.49684183329124343,0.00019456821678193046,0.785421507638384,0.2816585674162584,0.6837521309623413,0.12934813894582786,0.7465175339297226,13.125455514227678,0.29113367962649367,1.2432784943643431,-0.43837228335635153,-1.9059511513095546,87.72472046183461,0.0003540731960292529,0.9796666965949242
2008-08-31,0.026318119498796838,0.9023975113958249,-0.31513535529197334,0.04994894973696995,-0.8111449283795107,0.050798277704604544,0.6307411225712325,0.09332386483206814,0.7233724005184172,0.8960568307052164,0.705365303182155,0.9390817920431231,0.6552120249056809,6.772683764255522,-0.4641099583698057,0.16474005071287717,-0.49895480004978937,0.09598323614844649,29.441803011633333,0.13897779432359406,0.9595166326579714
2008-09-30,0.026318119498796838,0.9023975113958249,-0.31513535529197334,0.04994894973696995,-0.8111449283795107,0.050798277704604544,0.6307411225712325,0.09332386483206814,0.7233724005184172,0.8960568307052164,0.705365303182155,0.9390817920431231,0.6552120249056809,6.772683764255522,-0.4641099583698057,0.16474005071287717,-0.49895480004978937,0.09598323614844649,29.441803011633333,0.13897779432359406,0.9595166326579714
2008-10-31,0.016421673706152887,0.925413735254575,0.014306429769073703,0.11349578459315307,-0.39936961322894465,-0.13693553715972734,0.003818196128588858,8.717237327696949e-08,0.8973415103973958,0.33642716790731997,0.022028830475387833,0.2259474209925088,4.244670101045564,22.48173947507487,0.1337799834499685,1.0319467675764868,-2.929854852396782,-1.3276627014213929,282.54231389289725,6.494423730001592e-08,0.9915475789180712
2008-11-30,0.016324509767478488,0.8894005285802038,-0.0749170131557656,0.05290268605653581,-0.4578680956067396,-0.10451279692481036,0.011524917872450375,5.756174904096586e-06,0.5143308549110321,0.6564793885588383,0.020471845053354365,0.39817190173409217,3.588480545055497,14.897898702489027,-0.692819095748032,0.4677361997145733,-3.124326683258859,-0.9094496764284189,109.84731990718963,8.180659457038933e-06,0.9801886258773403
2008-12-31,0.017297569591298835,0.8864326680916612,-0.042177256322765366,0.04065442574886935,-0.6126812153583712,-0.07155636036468926,0.028513487905120868,0.000152883354884951,0.732456236368696,0.7858899082565285,0.04272438353491633,0.6291596818586622,3.352087850664965,13.95621520702163,-0.36664338509722805,0.29047561071015304,-2.9320961608834124,-0.5221309412312458,88.19320691630887,0.00035037187961894337,0.9797737370932957
2009-01-31,0.009829192849736382,0.9491506302314493,0.035734637458193434,0.09272901409362404,-0.2264765524287055,-0.04021199228104781,0.05767191454403959,7.136001889458428e-07,0.7828064833780912,0.5532831711785267,0.15067140448060715,0.8091310651711712,2.267709923296933,16.56464268418757,0.2864765549398494,0.6225955118787362,-1.6134963918104663,-0.2508540021293085,128.20751646145396,1.0038011769063823e-06,0.9814825554448937
2009-02-28,0.009406786106048348,0.9244683749971319,-0.16857904001528648,0.05871939446901164,-0.15090519344037062,0.06812781313891478,0.059125522226672035,4.071255664159478e-05,0.3532575728276756,0.7202595108980285,0.2783123543472947,0.6853501834001253,2.433494567269234,13.447338732829818,-1.0229313520582102,0.3789847753268935,-1.2158403997841687,0.4296291695375539,67.64222467275415,0.000136995937402587,0.9708634152005589
2009-03-31,0.015131277360820128,0.8855744733838283,-0.22745870914350091,0.05118399110695649,-0.33013293040963176,0.08910896098181478,0.0010476878233162384,8.301228058321516e-07,0.00823467917720779,0.2993471378787903,0.0019397384090905838,0.10969547162943342,8.50612441051624,51.81826302317907,-4.867476933563226,1.19142492848584,-7.23177666122435,2.04995846497352,1640.362169635543,1.0390664041631413e-06,0.9989032162492513
2009-04-30,0.006299825470068632,0.8660534165680788,-0.2100831770354113,0.3761785060350569,0.03901053090725526,-0.14171516867817902,0.08185113809619234,1.5354625914927004e-05,0.13973874804286876,0.15238819246283988,0.8010937397637624,0.42138213114079576,2.172820260556901,16.405361374597796,-1.7543397302502262,1.6871099993355836,0.26567801075791714,-0.8754584728638378,275.4078877898738,4.260271072910475e-06,0.9927643164744979
2009-05-31,0.008586007856344495,0.9173452571713215,-0.1481403806831545,0.1959619303330622,-0.08713603623340249,-0.04875391624424863,0.03651739241373181,1.767887563656993e-05,0.2960628119359819,0.3762786474541339,0.48397361069811884,0.7690217936841558,2.833658516554371,15.941988578452506,-1.1663804047340367,0.9707027390085788,-0.7555450111969846,-0.3100608144156842,240.65978773260724,5.957439450240243e-06,0.9917239023556002
2009-06-30,0.0063354302659510975,0.925735537283193,-0.12932934438887583,0.10416282885210504,-0.13172587179332995,-0.04515480070666933,0.0873006062525994,9.25022481616917e-06,0.32326283340631873,0.5744197872041313,0.2660062721961258,0.7684747079613614,2.121850865387737,18.18174423845739,-1.0954384773101802,0.6003902948626404,-1.2518183611889844,-0.310823886411763,245.7844173873393,5.65348667694438e-06,0.9918957605947181
2009-07-31,0.005515612663940569,0.9225531227148518,-0.17397126202473712,0.13383712875335485,-0.10355668260464757,-0.08835598876748656,0.06425550203638229,3.257408219353442e-07,0.13208946224027315,0.25807991803918373,0.2603291030003011,0.485297112786119,2.2633080667915357,24.217974656541582,-1.742301022716628,1.2493068139850048,-1.2427317498839605,-0.7434398276782667,348.2796609799749,2.646473903632612e-07,0.9937049269367179
2009-08-31,0.00485749653756459,0.9700470457421189,-0.15994042676453424,0.07012633614956529,-0.12036512628068227,0.0004501876986820197,0.12462552964501808,5.101788456778463e-05,0.1348099291157385,0.6528679650533756,0.2640152591894628,0.9980472831081635,1.843250781358323,12.83962801007602,-1.7822142050777723,0.4779234577201827,-1.2577803633796674,0.002572029850587119,138.48984121966285,2.345839846773856e-05,0.9856620383067862
2009-09-30,0.0026950363058966566,0.9723180402076979,-0.12241570750893138,0.04586505061757029,-0.16133807630984837,0.013291571223527698,0.5586776888907832,0.00030473834211726993,0.36514206896324886,0.8858701945857241,0.38253404475059405,0.9608846461526571,0.6371341423206969,11.704283098673685,-1.0206134119065242,0.15291342620177736,-0.9800902247189656,0.05218338833749393,59.976849720166946,0.0007480686385317752,0.9703834600133492
2009-10-31,0.0015626753385306336,0.9935989515966157,-0.0313630299551433,0.015343803883281049,-0.19485391469720803,-0.02170373329372577,0.7394657300465118,9.235645782386123e-05,0.7781154256792265,0.9637076557448219,0.3149308598514607,0.9394495662503983,0.35160648846733383,11.362958829606157,-0.2974077205160992,0.047824426048990516,-1.1165990317225314,-0.07985586292985307,54.491066773848246,0.00023227569044188254,0.9639581627048022
2009-11-30,0.0017381015854752973,1.0188317799916702,-0.04803518721560157,0.11435071002948771,-0.12243971746724658,-0.11323534369550803,0.7157245159187241,2.291044161777252e-05,0.6693065552714379,0.730270935518647,0.4900229225439836,0.6852811241986126,0.38185856592858564,11.752432860218676,-0.44883420725472617,0.36127986656803973,-0.7350635312703495,-0.4255437559969238,57.469071895843705,5.48677678723714e-05,0.9625015373703933
2009-12-31,0.003636494395234169,0.9953134328390392,0.003799277283071667,0.12539917219249186,-0.12776039218853164,-0.16522658673203205,0.6135812868447599,0.00013511141616881324,0.9767614940619462,0.7443832794458727,0.42764878792356315,0.6434912887135565,0.5381099004086006,10.50180694303913,0.030614399609084325,0.34464681418198634,-0.8628692534171755,-0.49210053412490246,37.69562455597121,0.0005671682507545727,0.9483145698525397
2010-01-31,0.010540654596875915,0.8320723397982793,-0.1703582570416317,0.3482334044117876,-0.12450824139961783,-0.6176616402693488,0.14910282428534,0.0011656973674081634,0.19608722010977434,0.22972900590014836,0.3365128429463258,0.08804128242902257,1.783340113655921,8.271761803093943,-1.5499447548911043,1.415944551082525,-1.0911883658391377,-2.245929737499788,94.05622927080687,0.0003085701228076876,0.9810239136234149
2010-02-28,0.011228702243687359,0.902280302014771,-0.08894634987192135,0.2416302214162374,-0.04511741051480864,-0.4622169320120412,0.08127948911454214,0.00012052611492987993,0.4063441332125648,0.14278712474146457,0.53789204560082,0.03834723512383621,2.178374501604099,10.753774978289048,-0.9062739972551774,1.7375935536821259,-0.6609261443686829,-2.7921527789242653,134.18481829946802,2.536461313632252e-05,0.9852054393003695
2010-03-31,0.003351338563025816,0.9913371147122159,0.005184843015606552,0.0448837605765518,-0.18411902306512656,-0.15948613102801085,0.4538542237053879,0.00036191760567459935,0.9605011841280677,0.8678956106251285,0.15871290733776863,0.549183609616599,0.828708394305857,11.199561942481449,0.05269555023156363,0.17729064409327353,-1.7298365145910612,-0.653348464429922,107.57558319553571,0.00023663657585985497,0.9833910928372828
2010-04-30,0.0042806941161934,1.003392048550485,0.013040034582107396,0.003440156616974499,-0.19524307278900832,-0.15836295214095858,0.3914129922470658,0.00017473854075323193,0.8889968864666387,0.9887481835817595,0.12483454206112289,0.5288925748584924,0.9600138573607185,13.489762643383955,0.14868499519620926,0.015003125414021134,-1.9368072246761296,-0.6886718653244422,130.14240571325467,0.0001623076446965659,0.9862534983209204
2010-05-31,0.0027572365764807344,1.008330338814199,0.05558982597232087,0.10846632699429765,-0.07802730568579413,-0.18675550073112984,0.46653187591027967,0.00012734217232401597,0.5810110054133197,0.5818191167771392,0.5459081679345009,0.4257289602845532,0.8038619505760228,14.619691477913683,0.5997191188525637,0.5983834681416517,-0.6589874958609266,-0.8858784910076118,128.25661338236938,0.00016707064807795503,0.9860526326173851
2010-06-30,0.005500868981554132,0.954019045113581,0.17324598930585366,0.21087941698658696,0.03669318915911493,-0.34912096842219353,0.13407723391598314,1.5813808601383353e-05,0.19500574575800553,0.19624619269839771,0.5818122969733451,0.11964900602840821,1.7864459490587126,16.307426768905458,1.4955867571647112,1.4906480817253684,0.5884396524569397,-1.8749580856454717,160.79364954172397,1.620739031532795e-05,0.9876385753973351
2010-07-31,0.0002605428749148219,0.9846739542692852,0.3724188909650681,-0.07261562925291076,0.066689353430129,0.3505306162313877,0.8620701406599547,0.000397634309119174,0.01481631078125568,0.3529887156137832,0.07532394843304302,0.08641614859065624,0.1969446750846774,50.13355795163251,8.123848620818617,-1.200046721047563,3.4344662086987605,3.1771828538810607,1170.1104566921367,0.0008541091712985582,0.9988039406294957
2010-08-31,0.00607979525021843,0.9394345503970054,0.3522549119731533,-0.008854262944691493,0.07145106627757594,-0.1010957705663671,0.14309686966059398,0.001662721694864239,0.052922459125018084,0.9414450702230919,0.1996164410907676,0.6030453046392177,2.350915591738136,24.493345533351643,4.172428506730097,-0.08295150501421826,1.8881325684767194,-0.6116314520476878,301.0229533743544,0.0033142961734279083,0.9953553636697958
2010-09-30,0.006574456674897897,0.917270444531979,0.27091625106502537,0.0907814538186853,0.060033606723128324,-0.30854475466690046,0.005985548120573538,7.263622556479142e-07,0.015104051816234773,0.5594923729955594,0.3157460836746397,0.07259483313984266,4.153815202699602,21.159002728572833,3.366693925437571,0.617666998043562,1.094425623219906,-2.1746505843047332,471.28238377394183,1.0720478271260046e-07,0.9953437417445545
2010-10-31,0.00670225364729324,0.9170161412061477,0.2706006979008952,0.05489112849446576,0.08094142987228886,-0.2808345154648215,0.005702577042085446,2.0594711969297182e-06,0.01873436679582688,0.6981037551615159,0.21780403425865286,0.06401046567612556,4.1973449827406375,17.742013956284698,3.19429851285746,0.4070366885288317,1.3765794127153168,-2.2660900394355026,403.40776778567624,1.7063173005144281e-07,0.9945626352849326
2010-11-30,0.005818690148012786,0.9285410848047111,0.260877122312479,0.17352380637152454,0.031726321819030456,-0.3513315018143659,0.009175849358355574,7.0930983285033e-07,0.025770559497985783,0.1962087271756681,0.5763317595588688,0.027142669655886142,3.5635412655625194,16.579241926212,2.8200732571256815,1.4285064249374075,0.5859092083339287,-2.7839719639702567,361.75833583451396,2.748253099587425e-08,0.9933913123748489
2010-12-31,0.0024997525806563755,0.8980174098361579,0.16045786582886684,0.30794067543528314,0.03493895476553127,-0.41450752252440937,0.29123427890972614,1.804331942695536e-05,0.1381593419350067,0.049402980564970035,0.5942661266445501,0.04178142168509971,1.1570411575780661,12.24734681586523,1.709789840452763,2.455759141834449,0.5623219078721885,-2.579786916459661,210.18739249615933,1.1928793420570374e-06,0.9895925675887223
2011-01-31,0.0014323753255594523,0.8754283060812691,0.16447645453140353,0.2682212134607691,0.08785392083483395,-0.4068094482664224,0.3881808927645803,2.966115003207143e-06,0.03161052760836955,0.03754671674620237,0.16716783262374516,0.015078482864751074,0.9301602298397563,16.67745156642726,2.789208132509384,2.6595473036305615,1.5713101561934388,-3.3680643755692308,346.1994476021935,2.694237593833493e-07,0.9936672323022251
2011-02-28,0.0018047688080680847,0.8839480053353153,0.1773148653438387,0.275994960904536,0.07415562589266245,-0.38785302526846577,0.25738180863373855,2.6397902807111485e-06,0.02238247360579814,0.029103802419466272,0.24376549291956634,0.017302337709140234,1.2513578073612976,17.01068955584713,3.05449445399676,2.85203673169491,1.2923736022822925,-3.257526347818584,353.74221056460084,2.5263078203420143e-07,0.9938018079154336
2011-03-31,0.0017975249785869875,0.8995309360989937,0.15004408114001933,0.29131558065804986,0.030687733662112984,-0.3785659014196121,0.2459719991117785,2.4701814405117456e-06,0.05187414802658712,0.014196743427712464,0.5880655482569069,0.01741805385368618,1.285591832370611,17.20341792530519,2.4198437359903906,3.416954993261152,0.5720470592612819,-3.252207943186422,376.5043593517976,2.097022094760436e-07,0.9941753386066935
2011-04-30,0.0013593157176040164,0.932361107432016,0.13628599395266805,0.24813681832789092,-0.004596944162915756,-0.2897341654882051,0.44756737353212284,1.0406499846225272e-06,0.09228978696117507,0.04797274646500871,0.9315114134343134,0.0640319596211395,0.8124389127279715,19.91342449046832,2.0010667928062746,2.4774202356283546,-0.08961279073051324,-2.265845570514258,181.32231932564812,1.85116547854512e-06,0.9879466795725138
2011-05-31,0.0023704518720217282,0.9235666954744579,0.11209062639277316,0.27904245271292744,-0.01506711520273632,-0.29590680338032604,0.1819015167418736,2.721564014823242e-06,0.11358855845693581,0.0232809569400033,0.7090140912245624,0.04812916224861,1.5497030247474761,23.28024559815519,1.9154563393320125,3.227095506667218,-0.39516871735684633,-2.6020643106757393,233.51592549774517,6.420678695464707e-06,0.9914717945241667
2011-06-30,0.0012457958813061878,0.9160121600023026,0.25659467631297667,0.406091747564438,0.04418772235982095,-0.4848950410144285,0.5596939233909448,2.3595219811397092e-06,0.057115426489337394,0.022302192581865207,0.5077700467782416,0.022407604880899126,0.6173403250245123,17.337660229881298,2.349269724190476,3.0572959968736058,0.7040872512696169,-3.053619700337915,111.39823777319533,7.848579652726243e-06,0.9804615059390946
2011-07-31,-0.0016386672131628952,0.9765633230593074,0.18715824342602566,0.17146955564448363,0.06710074120253387,-0.29964776594489606,0.4892642426790752,5.608812479649448e-06,0.1779107744056054,0.24324410256395468,0.3776392135017565,0.09841774925237197,-0.745944246611725,20.118751868739395,1.5669396637381097,1.3225585216399502,0.9676989975705812,-2.0275528488871366,108.51185569959785,4.286311185964337e-05,0.9817371371599601
2011-08-31,-0.005111489813539316,0.8368160413367798,0.14823412878565484,0.038908813100142825,0.043626210869986914,-0.4265120135397782,0.03267249749509455,2.0726184615254397e-05,0.030879642395135628,0.5269362018232844,0.2911139767599751,0.007775798654280439,-3.207309305682388,23.12379573777001,3.2668858404803114,0.6921282644479262,1.215189486074439,-4.9473657367981065,291.4504781254219,3.2693222074056044e-05,0.993840899725654
2011-09-30,-0.004853983488242779,0.8337862942204667,0.15906103155081036,0.09958782447065906,0.030297428680493232,-0.6688221409700856,0.2967609149598638,0.00031343383680920814,0.2376254264091769,0.5206440227575424,0.7595809343676667,0.018244579434596026,-1.164489559019892,8.80624161887655,1.3409581494892187,0.6904536828452186,0.3232592117338391,-3.449647005681789,55.20278967358493,0.00022504753704086762,0.9644145777884761
2011-10-31,-0.004853983488242779,0.8337862942204667,0.15906103155081036,0.09958782447065906,0.030297428680493232,-0.6688221409700856,0.2967609149598638,0.00031343383680920814,0.2376254264091769,0.5206440227575424,0.7595809343676667,0.018244579434596026,-1.164489559019892,8.80624161887655,1.3409581494892187,0.6904536828452186,0.3232592117338391,-3.449647005681789,55.20278967358493,0.00022504753704086762,0.9644145777884761
2011-11-30,-0.004853983488242779,0.8337862942204667,0.15906103155081036,0.09958782447065906,0.030297428680493232,-0.6688221409700856,0.2967609149598638,0.00031343383680920814,0.2376254264091769,0.5206440227575424,0.7595809343676667,0.018244579434596026,-1.164489559019892,8.80624161887655,1.3409581494892187,0.6904536828452186,0.3232592117338391,-3.449647005681789,55.20278967358493,0.00022504753704086762,0.9644145777884761
2011-12-31,-0.00437862620095408,0.8119663775130213,0.18219877312309296,0.17840879727481107,0.0009395749691749333,-0.7658190876977169,0.3670097272412226,0.0003724261818874478,0.21790922368681379,0.3137096193233882,0.9922645641193558,0.012277739553185148,-0.9914056320224206,8.491009152083196,1.408910453738135,1.1197412094746453,0.010188962284063022,-3.8275933504402033,50.32720246429815,0.00028184049147205766,0.9610343072683312
2012-01-31,-0.006812457743816354,0.7658756301008472,0.18293667574267378,0.1388130740448687,0.028749649078742584,-0.7686601017888601,0.3782086586682685,0.00538920173716136,0.26249553262569464,0.5069712840467281,0.8147444480111832,0.02406001003242511,-0.9900162646264673,5.482651538007359,1.3030819162851386,0.7279457080132952,0.25021839478576025,-3.5378453235221587,32.58282183932171,0.0024525939674219137,0.9460800525292989
2012-02-29,0.004716370746787015,1.0610332260803277,-0.021819690432685224,0.2892448788011452,-0.20044388019364956,-0.47667342576351757,0.5387016626339656,0.0007575663249643668,0.9334811632045761,0.314410152920743,0.22970203821970234,0.15399849341034622,0.6595558164346496,7.295242088783062,-0.08775035808444144,1.117937483305819,-1.3676061314542494,-1.678956399233944,18.62167710072353,0.003013161355554283,0.8980719135406499
2012-03-31,-0.003009552195697587,1.2632935802835001,0.780358873814613,1.0201326083912408,0.3101900778889719,-0.6864610496171692,0.6667851492979189,0.0011865961339013406,0.0636189301994156,0.030609873514274254,0.16831238252304226,0.015596364503389084,-0.4756940114140863,12.196980037095013,2.8782680322085974,3.865972971998773,1.8080861832112456,-4.976040850379031,66.21345531489057,0.0028660990236628442,0.9760527278156887
2012-04-30,0.016232187889748964,1.0138845503296343,0.28083777402381804,0.1722736930127033,-0.20052036864656375,-0.855624460520518,0.294121819576157,0.001260750866608695,0.3058891529710669,0.5337784854012191,0.3846485069571719,0.035161524792608506,1.2064350128106751,8.103394642129036,1.1729749130648062,0.6800796031283182,-0.9752731162264895,-3.130699410688106,24.124880278158056,0.004363258978015738,0.927783003171439
2012-05-31,0.017201374573052902,1.009950081287217,0.2873661793444162,0.13031896840500512,-0.23248929408942853,-0.8330472085520402,0.3512395511618688,0.005816598923797214,0.36989321652804485,0.7101588300003157,0.4306548539356587,0.07977669682133563,1.1011892591275225,7.0706639391321815,1.052411000655594,0.4087377642333561,-0.9083622323684595,-2.6086662003060024,18.54267776095248,0.01831240195194034,0.9164171272180267
2012-06-30,0.005973728193992634,1.1047407247205143,-0.09593910106170328,0.20210118568680446,-0.2843524880018818,-0.4564167585987514,0.5229187049049001,0.000499948209221484,0.5058799556100908,0.4306520648017412,0.17554383316719452,0.03372451520111829,0.6992552425929334,10.306529920305794,-0.7299332390770684,0.8756542432293714,-1.6438907031702548,-3.174118015190767,33.920588207077195,0.0022693661298591374,0.94815756031365
2012-07-31,-0.0026359803673697123,1.1121550810678698,-0.10069077927071178,0.33898889802432586,-0.07644375187726776,-0.4792282230936161,0.6745802068601798,0.003473858736529853,0.5795915405747369,0.283482133411123,0.6586315629617028,0.12859754912276697,-0.46347381036709095,8.45411809327765,-0.6192614197334588,1.3032820522988804,-0.4885712552828043,-2.0832921396285435,28.651797519900352,0.009790721776252023,0.9453025066609495
2012-08-31,0.0008830034360980173,1.1448686765608236,-0.08564982236440702,-0.18329532792269965,-0.278894240660993,-0.20705342164154794,0.8161614960246597,0.00011806172751934538,0.520147368376507,0.3865082424238673,0.015604777767961946,0.1699917257149364,0.24504440610682066,10.799937751791724,-0.6913136558335872,-0.9483312174467948,-3.5962529603915816,-1.6022957746290252,130.3823237521284,2.723363206465302e-05,0.9847772520466811
2012-09-30,-0.0006925222377802652,1.2304288365298557,0.06711525598654841,0.10017395889410974,-0.16251462973739134,-0.2245855553499055,0.8632821014584942,0.0006387621746104397,0.6487572548199146,0.7230868188063333,0.22284600980808694,0.20932720049173634,-0.1835679263257999,9.674386138210913,0.4916000604232156,0.3802535899494126,-1.4416730063463756,-1.4946170248499768,90.26557344679165,0.0003346754408195703,0.9802340233320803
2012-10-31,0.0006940607063488924,1.171480252049279,0.10136049887503573,0.17083776105921844,-0.16919974931035145,-0.27003581017211875,0.8952239645664792,0.0025626790372128253,0.4807923195769448,0.5039118748912264,0.22600892191852565,0.11063834312536042,0.14027344905294198,6.7135230230259335,0.7765366725907606,0.7335255786673727,-1.4297528400039403,-2.0424242460314974,72.98111621179906,0.0005087946798057996,0.9756035135761183
2012-11-30,-0.0026783615837525677,1.0282730745070472,0.1332663882381522,0.8282559710457356,0.04379951428710199,-0.3408480589834991,0.45024201072982034,0.0017701527096330783,0.20955139779900508,0.0531074742179836,0.6970691278992368,0.02664730940088659,-0.835888383973679,7.409526214293393,1.493711126581698,2.717798536070568,0.41850830390792776,-3.4254198943992114,59.61368260888806,0.0007570290571711373,0.9702054249588952
2012-12-31,-0.0025701518556621224,1.0321886993756566,0.09960515256702504,0.7419801184693884,-0.013110290593809026,-0.27475030129421346,0.41522134847413006,0.0010938378282902123,0.28914236811493826,0.016210086499350147,0.881078776210961,0.043662800819965285,-0.9080307446747764,8.410753436734241,1.2209744129959117,3.9940551167012517,-0.15939980835634812,-2.9103512828241596,99.7673384272484,0.00027465072395959505,0.9821015448141532
2013-01-31,-0.0011092974863693632,0.8618384703565969,0.061939586699067364,0.9354432753866865,-0.053965180104841914,-0.3258188513453264,0.7296009539303048,0.006350960200011926,0.3955483410767029,0.005035881797800975,0.5614717733413825,0.017039895173165717,-0.370782200823762,5.237528547549344,0.9507961510670667,5.586522371228758,-0.6323984609422284,-3.934394440356023,120.42721772295779,0.00018927177003898247,0.985151849280963
2013-02-28,-0.004253931479148203,1.1572169833462946,0.041257060857413874,0.7539499937211223,0.00903021407799226,-0.3499729531388768,0.2469800157363083,0.0011052418972844797,0.6588547232527913,0.019148624547797748,0.9358429782681076,0.04993968660169506,-1.3546856381298928,8.38795256212566,0.4760794987470264,3.7972683392570823,0.08567345164155209,-2.777624809203172,80.34516227124841,0.0004210540687583537,0.9778175315740569
2013-03-31,-0.003806632913980152,1.4510500579943384,-0.08820833692061086,0.7006758222258098,0.06094407300561283,-0.363544035207802,0.42275937439794226,0.019819068046730563,0.5445057634861885,0.14595881400584818,0.7738811454784699,0.12105851225389673,-0.9259705230185326,4.556047851120844,-0.6813992596040997,1.952205739615554,0.3143020982842503,-2.146926563454934,23.25921939605962,0.013235015855432672,0.932939968678764
2013-04-30,-0.005440102699593736,1.3793833651214897,-0.053019209192502956,0.6553451507329335,0.03657552260740285,-0.20688916352460424,0.21391366440527768,0.01541576949497611,0.7063641825206224,0.15197940985441685,0.8594197484246844,0.25393449412166236,-1.4762775989391943,4.054707935845279,-0.40476033021161806,1.7669494320476442,0.1888300539172116,-1.3311751811323733,21.28181684755579,0.005535715314902269,0.9184849683145868
2013-05-31,-0.005889619451721329,1.4052150440006612,-0.021108269451437532,0.6318134214286965,0.013418487257356948,-0.18963795642404002,0.14834717161414424,0.008512887688214408,0.8843428661166418,0.11257933346866325,0.9427000933732597,0.2759745205837973,-1.7877016899113545,4.821635263914502,-0.15498016301922518,2.027134156540951,0.07649297705822355,-1.2605991023498926,23.29787399013867,0.004662634442683144,0.9253046139781214
2013-06-30,-0.005889619451721329,1.4052150440006612,-0.021108269451437532,0.6318134214286965,0.013418487257356948,-0.18963795642404002,0.14834717161414424,0.008512887688214408,0.8843428661166418,0.11257933346866325,0.9427000933732597,0.2759745205837973,-1.7877016899113545,4.821635263914502,-0.15498016301922518,2.027134156540951,0.07649297705822355,-1.2605991023498926,23.29787399013867,0.004662634442683144,0.9253046139781214
2013-07-31,-0.004687848572455189,1.3416765932011547,0.10476182895347302,0.41277236541782075,-0.0353550803355453,-0.24196467462181245,0.3089179543003861,0.005807488743659136,0.4937562477257913,0.22330758422712657,0.8745548681986838,0.29025692226113875,-1.1321735289226857,4.606214209790699,0.7378506369585257,1.3897477425556617,-0.1661415671196696,-1.1822605852531196,24.372252462909564,0.0016051320474204775,0.9211737309123933
2013-08-31,-0.0015874388488373,1.2001171511729432,0.19273585020250883,0.5226402969689454,-0.03134576754111995,-0.3665789742850871,0.7327997469014718,0.009278578993480875,0.20470190026917637,0.15773763296074994,0.9054067522183395,0.135688199090518,-0.3610726999915538,4.108374394916456,1.4577624382639933,1.6603474127152242,-0.12498276260097832,-1.7771723508319086,19.89497844346502,0.0025837669637447346,0.9042832226215813
2013-09-30,-0.0015874388488373,1.2001171511729432,0.19273585020250883,0.5226402969689454,-0.03134576754111995,-0.3665789742850871,0.7327997469014718,0.009278578993480875,0.20470190026917637,0.15773763296074994,0.9054067522183395,0.135688199090518,-0.3610726999915538,4.108374394916456,1.4577624382639933,1.6603474127152242,-0.12498276260097832,-1.7771723508319086,19.89497844346502,0.0025837669637447346,0.9042832226215813
2013-10-31,-0.0037793873156411664,1.1349665177653545,0.1911794455444633,0.5573408908643489,0.06002673342369667,-0.45021999186104994,0.7239792212233971,0.16429893242414836,0.397546723562059,0.373233874016227,0.905277020643549,0.3396931071217073,-0.38789573425942164,1.8322623686500192,0.9842963960606838,1.0439285189678342,0.1293347250320188,-1.1326752861022598,5.5491985070194625,0.0945578560279745,0.7398034885077202
2013-11-30,-0.0029719882965239517,0.9831938850574791,0.24239513279676425,0.41527567223342843,-0.09236320606969489,-0.4273222922875184,0.695389905525412,0.030365070074449593,0.23963374945447277,0.4941156366600955,0.8450103441120249,0.07544689151788046,-0.4210020304753086,3.284742684678635,1.380237900889973,0.7515642748523037,-0.20852044499802658,-2.3865884842519427,9.859310992314745,0.02282011804076608,0.8311335506302628
2013-12-31,-0.00038907696351967325,0.9221206168175529,0.2497272006361636,0.606795363006018,-0.02912430231770831,-0.4362019288690387,0.9289633102464856,0.0027901402347729606,0.10363931079000234,0.12149052375021219,0.9190863619718956,0.08257015382772302,-0.09373051779382433,5.4659100546816415,1.9870548474396654,1.8630699430608213,-0.10681872151945478,-2.165892415051255,17.595268891633584,0.003435572688110483,0.892445760711756
2014-01-31,-0.0026609216658218826,0.8403215710248222,0.2929046857262329,0.36955470144934155,-0.12312618672381626,-0.4496405429451558,0.6415922623474649,0.01546363248805141,0.11087615660134956,0.47095446957713377,0.7128935689499561,0.10071351417424305,-0.5026982441904952,4.050947696798447,2.040535095843957,0.7953190076130312,-0.39515776263170754,-2.125526610718421,10.127954165000991,0.02175396788363537,0.8352848142642411
2014-02-28,3.225187932011202e-05,0.8077268469599992,0.30483280888966474,0.24303221335792596,-0.18449211210525152,-0.3774958912607942,0.9949861134379713,0.013823961223921656,0.09342407625846354,0.6169432361926865,0.5501833471422521,0.1593753016794792,0.006685244327855335,4.1884332188849225,2.1925665205335583,0.5414532076157085,-0.6516319780189385,-1.7262760698689341,10.900489316964588,0.01907234874226312,0.8461602800328895
2014-03-31,0.004510791880441492,0.8414903184887026,0.19035491592050244,0.7947262591579279,0.11146737719334597,-0.3329246458721549,0.4883641586482827,0.018999595904726538,0.3150435239887355,0.2802039340694446,0.7727895975032639,0.20608471833221803,0.7877193940181207,4.627895564105737,1.2036381944281138,1.314287835002934,0.31588689577689844,-1.608546227185935,11.019230109793298,0.03800742080285826,0.8622972447501978
2014-04-30,0.005283872471649101,0.9285264423861017,0.1431876930866808,0.8856377238243569,0.1718942100184095,-0.4300529201861337,0.5936340279499696,0.032610621068201874,0.5790804678272129,0.3953343647227761,0.8086251203074943,0.33864117861359355,0.595174321378635,3.7724724214239242,0.6201460460074693,0.9895775496880098,0.2643580089398406,-1.1355964234003153,6.709366555477888,0.07404018059571102,0.7811027825932596
2014-05-31,0.00023191346351127975,0.9797934286907393,0.21077344424341293,0.4420264972247684,0.03434329063393804,-0.49671038527828326,0.9649862243866522,0.0004354232826586618,0.1946188681328421,0.13469280242192533,0.8910294675193235,0.16133260790002632,0.04613812431888927,8.214049133004178,1.4971332653156515,1.7828891092860644,0.1441266412139906,-1.6428657587835196,24.700165690273014,0.0015552812391034995,0.9221794900428615
2014-06-30,0.005958969502202582,0.9301813703736765,0.14497192225260513,0.4449127502077438,0.08966623969367565,-0.22260348088423676,0.326523921625504,0.010756344603228168,0.3416963323743862,0.31549395251646095,0.7890848824444989,0.5681814721022628,1.1699158605972635,5.690794873852033,1.1271372911456394,1.2022917374650268,0.29233124712667463,-0.6391502188024862,7.597685264712218,0.06286068445883834,0.8048229532686058
2014-07-31,0.004322086520496362,1.0178985635476054,0.16589875819007277,0.27378378904939565,0.15329799447431644,-0.1771789766197765,0.39497941606960857,0.00010450638336063819,0.19622425757060583,0.46722792638332145,0.5577094385097291,0.6115512989493108,0.9061435828736837,7.830171291996537,1.4284503086728795,0.7686660175738609,0.615480995638008,-0.5314442399006364,23.082255735046946,0.0003241523419335508,0.9019698174068028
2014-08-31,0.006922667312218713,1.0795914393025459,0.16369539987675022,0.15170289092789452,0.13721217696082633,-0.04516313315829226,0.23374556344022404,6.252142578036709e-05,0.24757831127986007,0.7152066611472881,0.6241875215768151,0.9119447375223915,1.3031593190863,8.484078625699228,1.26138470861136,0.3800079896222836,0.5123258632566291,-0.11464624221743919,27.83332047156731,0.00017622176606616046,0.9179019023058201
2014-09-30,0.00630002488378487,0.9509009412322186,-0.024017584086641702,-0.6240555691991339,0.18091280671076607,0.6754235867902842,0.1829833718833958,0.00016565272372259647,0.8600477812439938,0.22370177961452256,0.4250317247339735,0.1755675008440031,1.5051835615821514,8.301144342559702,-0.18403564115044974,-1.356686958329749,0.8556593553487587,1.5354910835501652,45.47867255471292,0.0001082876188049267,0.9528692681347924
2014-10-31,0.006020315294996141,1.0304500692832603,-0.036989560237630614,-0.6639999385881059,0.20437840250260741,0.7594598625222071,0.26710779082077013,0.00019053113069231255,0.7902979918795541,0.21283766552432992,0.48456935710153504,0.21024376650017249,1.2485373022317072,9.776168978934704,-0.2805437257221572,-1.427327160456125,0.7544601856143957,1.4369084138777513,32.98079935120727,0.0007817755293224935,0.941143232702413
2014-11-30,0.010590106719282526,1.138337773552598,0.1006998718317139,-0.07907600165739373,-0.23680166834931235,0.005445571380624103,0.021389523308377626,0.0001995907021328853,0.3502873614936465,0.7535984562361693,0.1631835378544127,0.984984329331644,4.428558029065097,22.2189832913241,1.1037467631398623,-0.3439231021661862,-1.8391027051726951,0.020428454694194714,291.67412772426235,0.00031522258448129305,0.9945256871949013
2014-12-31,0.009500945981427608,1.0356633550189147,0.1798478103812906,0.23895726576739995,-0.13410649678535091,-0.4649190135182397,0.004404555187923211,2.150489936122867e-06,0.019944580390733945,0.11551348115452398,0.19886669074923638,0.039682991330641064,4.918150235254322,24.411696136402117,3.367473622443973,1.9023564664640102,-1.4803131310164095,-2.7632173696564695,312.9833939535623,3.0991924592803143e-06,0.9936302363802851
2015-01-31,0.005950696661834003,1.0686512107768094,0.0893909269144228,0.17379824062095817,-0.005269553279501835,-0.2853125790828729,0.006344615409706598,2.038269267367767e-10,0.04694916756237325,0.07342663050627452,0.923330472485606,0.007307483831529233,3.843628630546428,53.68969341536624,2.407454897075839,2.104088009289057,-0.09976174148372785,-3.7353222844642,889.4047272220863,1.192101813256408e-09,0.9973058068433424
2015-02-28,0.00537757149038336,1.0769592225822229,0.08098701092539545,0.1800545610651354,0.016179963202415326,-0.2735249283959993,0.1155007233903991,1.5589224178498708e-06,0.2096720449565499,0.1312224714742339,0.8801978337498926,0.046276063100495445,1.9024425440482133,26.045269284558604,1.4390353603478312,1.8031611987819283,0.15859071089754706,-2.6346005507361037,378.3705754744573,1.9324669467418356e-06,0.9947281098501151
2015-03-31,0.0017944296072541117,1.1329316191396643,0.08737466356344378,0.18383942247662488,0.17017658549811765,-0.17287669197009237,0.23173124963016387,3.724532064774894e-07,0.009733407218047073,0.011955332268534135,0.012836958578167612,0.044301786262957527,1.3607005771540261,34.72772353012437,4.059552441870693,3.8537672223233836,3.784012161076642,-2.670878971490969,978.0431597351982,1.8093342250797407e-07,0.9979571891390968
2015-04-30,0.005184159214910222,1.1096590452240456,0.05429387824446483,0.1810778238081277,0.04320741481164281,-0.2331863449380469,0.17441213231871228,6.479527798286656e-05,0.39677758809431,0.22938347009265891,0.7089615982849105,0.24666220753573528,1.5823652949450058,12.224273639528512,0.9263480569088668,1.368695429937115,0.3952445425160055,-1.3115569979569515,143.31728528424233,2.1551180059877193e-05,0.9861416461925481
2015-05-31,0.005928081196571249,1.0925947689509066,0.033340062175521386,0.19828605637646363,0.013205995599746223,-0.26628807972955576,0.029878294486809242,5.638672356085376e-09,0.4645398653306645,0.09077051279686991,0.8045186235643027,0.05110257295054909,2.7173852650865173,33.354963640293285,0.7735030505960162,1.9603676435631066,0.25706817242334,-2.349799325310708,484.1894541702858,9.952774435906225e-09,0.9950575532903596
2015-06-30,0.005719232422160103,1.0935652533799547,0.027627810960160728,0.17514886476860392,-0.001545285349183096,-0.25063171572253595,0.05573368150496999,7.388411877391178e-09,0.5492925834923776,0.1323963142947169,0.9758948831293945,0.06630908683130389,2.2908983643069343,32.08449928544733,0.6290391174054837,1.7027613616399162,-0.0313118880035085,-2.173138165532169,449.4637957154061,1.2900750816230373e-08,0.9946768846316618
2015-07-31,0.006475280812097972,1.0988105424030639,0.018141654374223853,0.16264679342066768,-0.01719738075257965,-0.23382307466617253,0.286680771637417,1.4707372340898013e-06,0.7474833412439199,0.2216506259782771,0.711678236628267,0.17068013376151628,1.1921828817363667,26.35228583923392,0.3402694393115285,1.3955825243335298,-0.3913238622179431,-1.5991586029923153,319.017369128891,2.9553530689411698e-06,0.9937503392223861
2015-08-31,0.017561826904899356,1.060573875749097,0.023392947551499343,0.16895812489097994,-0.03625295882249019,0.008231640218978514,0.12238808930011318,0.00010859862248928301,0.7306393829316031,0.46622432092642657,0.4565822272111021,0.981630620065588,2.135366160929286,27.238365800938166,0.37792829811428647,0.8324545542089337,-0.8525119263106842,0.024992245577120955,369.42371972871166,0.00022137435347917997,0.9956759528789855
2015-09-30,0.008786076217124843,1.072000391658334,0.02298034960179518,0.14989843442164275,-0.03437042658760034,-0.18173432031309478,0.04293797568525398,5.597180982527925e-06,0.8005331571031995,0.5257550806992751,0.45504443248626925,0.5013953620586691,2.559493258215039,14.969250539061383,0.26410918408968,0.6734212798120677,-0.7984474324260629,-0.7151287897395057,300.92835846118913,4.0935040496403163e-07,0.9927183267032427
2015-10-31,0.009268501448576077,1.0429953415169921,0.006325741706495809,0.14480569724261905,-0.0694215207452146,-0.20241026618837446,0.009206381070758045,2.5324005331468364e-07,0.898397778414523,0.18815137416014668,0.16760529196594792,0.17240338485507756,3.5610589387808687,19.262479185116952,0.1323942390364201,1.4581726346197876,-1.5393781225559067,-1.5196329991682498,351.5100857516232,3.0374675797749114e-08,0.9931994009327092
2015-11-30,0.009935037190339828,1.065774725642748,-0.008466270053017116,0.08539889388773836,-0.06244697104809149,-0.11955759285039236,0.015976881183117984,2.7305456887014852e-06,0.9019513799788839,0.6149926263772398,0.2570400023622259,0.5570670445781499,3.321382153885638,16.91339123192013,-0.12850124230068666,0.5302301958752171,-1.2523637872188516,-0.6216036620773462,257.74702847126383,6.496991336038097e-07,0.9915040538870514
2015-12-31,0.01081775961415855,1.0638113154653903,0.0387468911866801,0.14990451366976854,-0.05734487836722145,-0.19821422013975842,0.028994590987565884,1.0281608955650857e-05,0.6768685504426963,0.4011526267276303,0.32244733021230276,0.4516216764945742,3.032613836908238,17.79640870538968,0.4421233278602301,0.9171205374714325,-1.0974886755698712,-0.8159739731428292,167.53114627614897,1.463968679615456e-05,0.9881327573911896
2016-01-31,0.010046334647314114,1.0499294440633393,0.04141897008573181,0.1350992044065427,-0.06711568590813408,-0.2253583390143169,0.07073229965974821,0.00011163244617869939,0.6844984687735653,0.49137272828881384,0.3204804769966225,0.44613619755694084,2.4462246046650766,15.116415982231224,0.43725363247132254,0.7566632015025488,-1.133110891043555,-0.8441055909797245,120.61403530561142,0.00018869168394056358,0.9851746958622271
2016-02-29,0.010543553480582783,1.055507683979939,-0.0008759746851458999,0.0789717595677362,-0.06441232882379314,-0.11034013291570655,0.040503545651425686,1.674337133890311e-05,0.9904705718004745,0.6251709412529516,0.3027481567524453,0.6068496152780625,2.7459720070994584,16.119198008192583,-0.012552108189533829,0.5201338284541019,-1.148431852000716,-0.5486419170032355,205.32362846989076,8.838272920304475e-06,0.9903064907551689
2016-03-31,0.010046334647314114,1.0499294440633393,0.04141897008573181,0.1350992044065427,-0.06711568590813408,-0.2253583390143169,0.07073229965974821,0.00011163244617869939,0.6844984687735653,0.49137272828881384,0.3204804769966225,0.44613619755694084,2.4462246046650766,15.116415982231224,0.43725363247132254,0.7566632015025488,-1.133110891043555,-0.8441055909797245,120.61403530561142,0.00018869168394056358,0.9851746958622271
2016-04-30,0.007875500491418337,1.017424834014942,0.045775343313675554,0.06267623400463956,-0.09968510898787727,-0.25319949091691646,0.04698178833556229,1.1750551859073397e-05,0.5394924210800227,0.7023845301164338,0.13565268866320965,0.3275062648315249,2.622043678813778,17.320959023568438,0.6582187264320711,0.4047661460893374,-1.7773755609634947,-1.0848415852352642,230.42641913179546,6.636710640118876e-06,0.991357944319827
2016-05-31,0.006671347849656827,0.9804122271133495,0.042774984800103666,0.046525059441898,-0.08556784324541086,-0.181703145595435,0.01051192018526574,2.19209837024116e-06,0.2753278021092334,0.6381697274284273,0.06274162672883303,0.12843239637873297,3.9817955732297357,24.31763999505572,1.224432194964679,0.5001969261682624,-2.3854298776857648,-1.8198594920041717,400.18345859978155,1.6806622426297344e-06,0.9950147495936636
2016-06-30,0.008792006893826839,0.9801503676828397,0.03386627954298585,0.07719596813791435,-0.09122228133550461,-0.17227263963798878,0.001621259932817007,2.1560993377005327e-06,0.36380306874015156,0.44116848535381464,0.05178305594192751,0.14296662796140328,6.176175746472073,24.398889408714588,0.9986680357041607,0.836184250480787,-2.5417546090766394,-1.736618740497714,509.74894293862343,9.195354728345623e-07,0.9960841818125108
2016-07-31,0.008850990080384364,0.9437356256995675,0.0400371310655494,-0.04154345153511624,-0.09377938578495193,0.02977990060380236,0.004314250974629882,1.2718818396078653e-06,0.48292977457612996,0.8118325901233407,0.13738706056425518,0.8549338824967336,4.146441634290417,15.220974116957414,0.7407807617097492,-0.24721944427089274,-1.6772866736621017,0.1896919182332085,384.81764177585666,2.216140866260969e-08,0.9937858871775908
2016-08-31,0.007545514863585783,0.9422621262820731,0.04708479039667425,0.045565155608362565,-0.06716840944789809,-0.0421585257779558,0.014088613313761881,4.080562425465052e-06,0.5365863297572979,0.8533769587587473,0.4965119392499122,0.857368345054701,3.2483897425954624,12.817637355366704,0.649747448312579,0.19175630116196987,-0.717143428436062,-0.18646581147289196,269.1129630145989,7.692424604090492e-08,0.9911279667589517
2016-09-30,0.008990757548337426,1.0849533080074791,0.10302231630141565,0.24049493163400948,0.10603730082636853,-0.12326771794261027,0.007153198439601111,9.824999648965446e-05,0.26512655911939237,0.4052226959783044,0.48681498120709854,0.6198679851340996,3.995791313781616,9.110799068462315,1.228871484362067,0.8950714040282958,0.7407434165037141,-0.522770283611171,241.85458296649423,7.853894783905208e-07,0.9909485352090511
2016-10-31,0.008909903389225144,1.014163983114333,0.09654171438752057,0.22254621279839848,0.017728293985822208,-0.19694421932037343,0.011375549996630478,0.0003161016057423746,0.29167073802465476,0.30084195884827364,0.810032496361013,0.42631327984013007,3.9029399630929063,8.79050780322774,1.1783677885039359,1.153513698105665,0.25342189126169085,-0.8655401814591414,168.5737638712696,1.4416260359760871e-05,0.9882057226640419
2016-11-30,0.008210286372171829,0.9447659475356184,0.157488035819559,0.27585561725179275,0.023234334950626212,-0.28713455018009926,0.014295217485869835,1.3742027235167755e-05,0.06233336114408589,0.16391625337517882,0.7148185543338511,0.11539820049552381,3.679892108165031,16.779277232396684,2.3907042166017223,1.6305394090422822,0.38680042964112504,-1.903134630151,209.63744345755185,8.393579861090624e-06,0.9905050119904106
2016-12-31,0.004011505720365314,0.9044044984766157,0.13173837248070414,0.5648342105466293,0.0024163540416391738,-0.5141944848027739,0.1269301997503985,2.2698288735346096e-05,0.03754478022996662,0.020996702953718693,0.9511143918703245,0.016726229687241058,1.922332771842662,22.601007460581183,3.063098776461982,3.6911962116137373,0.06523859217619844,-3.9565272711962707,426.058852860082,1.5338222480994874e-05,0.9957831494229545
2017-01-31,0.005466897528770112,0.8895738920153176,0.12038415636898353,0.5701378319335902,0.024919277442817078,-0.5630218876523642,0.05771573297069434,2.8219167248311607e-05,0.09015250204942506,0.05887537408867631,0.6542326874098028,0.034693333478580286,2.4531034574777686,14.49345394116384,2.096502762997936,2.436936610155116,0.4758692932506065,-2.877398670504213,280.8793166617531,4.056841548649074e-06,0.9929047649764244
2017-02-28,0.006195946792604201,0.8763517552023465,0.14025425685629644,0.4715185251423277,0.03073449754166102,-0.4401204929185243,0.06609167409107793,9.619174826132005e-05,0.0603620903914635,0.08613737832332131,0.6365715096320612,0.04090407868965648,2.343502937539168,11.267810465049243,2.416708255963032,2.1324421451247026,0.5026358151455,-2.737693911835534,129.1567119293749,2.7877123955031112e-05,0.9846339080762487
2017-03-31,0.003953687185020815,0.9443346792589397,0.09492513515055463,0.5692776224431166,0.04220616798958879,-0.5749791088475549,0.0796732654137715,6.456746831364914e-05,0.1791664861276863,0.026237013277774317,0.2871602456450153,0.012144280762537523,2.3366109112158315,17.363961594856384,1.6265223987122301,3.4423611203228224,1.2268279390295855,-4.351342953384463,424.6037218385767,1.5443234316649292e-05,0.9957687253129321
2017-04-30,0.004014150829857789,0.9487086842147068,0.08874450862054513,0.5670391328077999,0.04155911357151286,-0.5739446919591273,0.042473923353616924,3.4531334095591446e-06,0.07972025933646444,0.012210959510546272,0.2335415057611869,0.004695336789272241,2.7060908990768593,22.188970462330648,2.19373802817222,3.832949466362564,1.3545877413537737,-4.84475808342136,527.2236465858027,8.454204719657361e-07,0.9962137249762917
2017-05-31,0.00566853930120591,0.9926697610749474,0.05498282055173041,0.3712407428873373,0.007462671788624919,-0.4339228027474994,0.03259867552531616,7.204616114937714e-06,0.32206331992151804,0.0745163463495547,0.8590560784859966,0.028303006852679086,2.930900732177191,19.125423737503027,1.0984556351598924,2.247434001398859,0.18694039777518198,-3.0537488492704914,265.3046231568202,4.675225039158636e-06,0.9924898036831218
2017-06-30,0.005574028650073607,1.0301736049473207,0.04659068770810139,0.2783344729989478,-0.020136116592992526,-0.37343346458952925,0.04003849648216732,8.805085672164109e-06,0.4012720133561662,0.13414663504987914,0.6888748716608024,0.04082848062601954,2.755697829802365,18.364291529052274,0.9168698591855565,1.786044110886753,-0.42445986939371455,-2.7392494698507046,162.86733685743752,1.5700819764610132e-05,0.9877950051648183
2017-07-31,0.005217418246633581,1.0003358329930514,0.06162669438227161,0.18716305762224628,0.02640281552455881,-0.3369205933174457,0.017093489287604048,3.1391194414129305e-06,0.1702272844169759,0.17968212848014462,0.557521623050782,0.021533740802241096,3.5103929636334352,22.619806857915535,1.6012208933193635,1.559242714200753,0.6280763465463018,-3.2975415719377157,274.71673396312826,4.28697815096002e-06,0.9927461784010996
2017-08-31,0.005294262197210855,1.0023721011426612,0.0623963764946347,0.18548994029308707,0.025501792953399965,-0.3349128431482523,0.006675670503564824,2.3516927910328014e-07,0.12521794787326188,0.14155473017524672,0.5295690176403631,0.01136630404007486,4.056657940694172,25.581116644525327,1.7809149794162014,1.6922040573487152,0.6670064359434337,-3.6000149257790697,390.92401640574354,1.8743292494378692e-07,0.9943895300773324
2017-09-30,0.008067561021211185,1.0249782822710038,0.1158337592183221,-0.01150419450655435,-0.053958136064028966,-0.1523328131619816,0.00019357548782277575,1.516748916327595e-08,0.00745575715195129,0.8915679051772971,0.10031574819523775,0.06590478761489868,8.072106848337164,40.492160673465044,3.959531237066011,-0.14221180737775935,-1.9409064658403758,-2.244864622649903,812.3790337519274,2.1022907753789892e-08,0.9972958988509641
2017-10-31,0.007926314319030462,1.038443550429828,0.10431458890937402,-0.012448493446428288,-0.05387809848134078,-0.16514856115071197,0.0004035580313866955,4.7819914493989846e-08,0.03590999021487252,0.8965348501718394,0.1631419872815592,0.09297996103000562,7.06240314005049,33.41417682281149,2.6929783509404515,-0.13564965047926378,-1.5890859337184828,-1.9956900803293065,644.0518018184185,4.2122693100589726e-08,0.9965904783314048
2017-11-30,0.006020164466599543,1.0344790382739943,0.07602988855229309,0.019662811404891012,-0.05051235432103296,-0.12008674343628378,0.0018079254289602366,2.469599926663258e-07,0.04243457425700662,0.7831009936543155,0.0868933686936629,0.129626930189564,6.028094848682773,37.71222951267112,2.706867190361657,0.2904945852604479,-2.1255417192502537,-1.812665491212849,725.9726364309043,3.806828391440596e-07,0.9972488648130979
2017-12-31,0.007383931956892362,1.0522258100182766,0.09897806122661645,-0.0540150202980309,-0.06336945824626894,-0.07981826962006713,0.0014429204114371698,2.0710278722349636e-07,0.05059820579220507,0.5886682501763514,0.12147583096596014,0.44442885518374237,5.552376703130844,26.133091488214294,2.4381577564178363,-0.5710991497071818,-1.80282734789218,-0.8183619217591399,380.60203732731907,2.0303035397643025e-07,0.9942378515960774
2018-01-31,0.007517154362746999,1.0457496682355754,0.10329297673686519,-0.07083922008715637,-0.05784566702234625,-0.059239000621597704,0.10839119510446624,0.00112912478394969,0.17442592813389124,0.7640994036902269,0.5916162557119331,0.8587293665710505,2.2653291594328913,12.40375005549698,1.7725085716636526,-0.3285410761166465,-0.5986098743549727,-0.19377636409412083,137.08835139144372,0.0009728696371568261,0.988379554378923
2018-02-28,0.006446363654521094,1.009782264431721,0.10706920370311448,-0.12695876745458234,-0.024200318348724797,0.07355605098256618,0.04881718775597669,1.5639890538029733e-05,0.10922545768624452,0.48865983626557197,0.7209790187448979,0.628488664175746,2.7998867070424986,24.820360330508898,2.053740874063382,-0.7617275777625633,-0.38332706525723187,0.5231862964922426,272.4980660883099,3.7377691928798666e-05,0.9934137843499472
2018-03-31,0.004549199649265182,1.028954905353897,0.1159918082460005,-0.03664898282766027,-0.057988682006205994,0.05549822913262825,0.02597468251002657,1.203754033298626e-07,0.054646732898264244,0.7854772204201454,0.3884275765924942,0.682242562687379,2.939198402763069,28.624722132816785,2.381626616346023,-0.2846559784155121,-0.9296439738640708,0.42995339467008925,261.60443245864934,6.21556152276291e-07,0.991628756108038
2018-04-30,0.006606673316099086,0.9952623443286536,0.1575608041961126,0.030180704963541305,-0.1539783450361334,0.015900947946936084,0.008660146754592616,9.886022986345045e-08,0.00878249165079608,0.8463049943907823,0.11706585215474813,0.91489643667871,3.829902195331194,29.5857292186442,3.817871466648546,0.2023834260848074,-1.8295207168199499,0.11144723502001634,223.79523742219274,9.896513148902846e-07,0.9902220152514971
2018-05-31,0.00499571488312774,0.982688639692801,0.22520985320386458,-0.04431431983883617,-0.13260613969858517,0.07150382326735498,0.056724148551062566,8.057986236349278e-07,0.016893707977507035,0.7810924237588702,0.16179550792051134,0.6327755745316518,2.467209836582435,29.741732660380382,3.5214094668318396,-0.2932777358693299,-1.6406429628703565,0.5084421855030422,246.36029703160517,5.620696363822088e-06,0.9919146280789577
2018-06-30,0.011706744373502205,1.0469001032075491,0.08809982342167649,0.0830271025419107,-0.34108662620742,0.009368476775130974,0.015540622556984993,6.874709357038482e-07,0.2888536615634388,0.43243201014864696,0.01917612885647331,0.9177257414902755,3.6001608290613833,30.706152845398083,1.1861410056641837,0.8533554294054424,-3.4035928155791324,0.10862337325364199,658.1079214261515,4.862965203822914e-07,0.9969655955648773
2018-07-31,0.006339976351864292,1.0683288312537496,0.11352986743045862,-0.0665222607110183,-0.08219113261599897,0.113623020843036,0.49929130634144436,0.00011210609413455421,0.6004115395915897,0.8449432036493587,0.7594333083860185,0.7120867045130548,0.7279490270905274,10.916411840217593,0.5587794270574676,-0.2059633039489621,-0.3234661137596147,0.3907349640395602,100.61807128178172,5.1638897050539044e-05,0.9803184613251112
2018-08-31,0.0050634595640958666,1.0459722666288767,0.1577257651593143,-0.12034973770503332,-0.020651797571939745,0.18122232592932086,0.4933275929537052,2.038437806933735e-06,0.2917139348261729,0.6884217809771185,0.9255080662542591,0.5343897591155019,0.7292387986432872,17.772900401267137,1.155773951450799,-0.4209957801916544,-0.09749566877967829,0.6589405917977885,187.24355515620977,1.6824831392298105e-06,0.9883254166045832
2018-09-30,-0.0007909780241247555,1.0673121104299428,0.21837355520066265,-0.446072226578092,0.25016826139253356,0.42396022146646,0.9341923630311737,1.1891694136407777e-05,0.3020354937639596,0.2587761079457561,0.3906695395387286,0.2948242954370798,-0.08609461653425278,13.158339838844276,1.1289238863333941,-1.2472662939919588,0.9249635639371622,1.1475993145553303,89.61714154597958,1.491497921061464e-05,0.9757754982974643
2018-10-31,-0.0007909780241247555,1.0673121104299428,0.21837355520066265,-0.446072226578092,0.25016826139253356,0.42396022146646,0.9341923630311737,1.1891694136407777e-05,0.3020354937639596,0.2587761079457561,0.3906695395387286,0.2948242954370798,-0.08609461653425278,13.158339838844276,1.1289238863333941,-1.2472662939919588,0.9249635639371622,1.1475993145553303,89.61714154597958,1.491497921061464e-05,0.9757754982974643
2018-11-30,-0.00512778992838063,1.0402763104200565,0.30889584787710034,-0.46692360704945923,0.3374791253244791,0.42506546726320926,0.49370996656610266,4.595047796192717e-06,0.10984057821869131,0.2856216324648275,0.19598823544828115,0.32306266070073864,-0.728566547732797,15.481130586044447,1.8754839035461504,-1.1720027965298652,1.4547021102687827,1.076523019085351,85.45182381172302,1.7158511593309024e-05,0.9746110364072641
2018-12-31,-0.012608326034604144,1.1302772828651533,0.3817344089725014,-0.9113281715225494,0.4779983933824471,0.8326511959724654,0.1404935210797256,5.522320396774396e-05,0.07792672876044136,0.13003973359923138,0.07804571596410984,0.141950071542016,-1.7501592737196903,12.632561936920581,2.211810851753937,-1.8101951234870985,2.2105981904339425,1.7421556555274118,59.89483894253737,0.0001844434304729398,0.9671564941343014
2019-01-31,-0.011464103390938046,1.0600928478085043,0.3907563063540116,-0.7465180372514684,0.4817866700270143,0.6738385684236525,0.16802845266916955,1.1091350252112646e-06,0.05579595138480022,0.12408681452657007,0.09513054232128491,0.180335073451389,-1.5675628876721523,19.70021730918318,2.366377761497222,-1.7874697916885571,1.9791909724678538,1.5158723027374914,114.30364647895543,7.2732874178594385e-06,0.9809529822904697
2019-02-28,-0.01318303281874404,1.1956745621257283,0.446418067244047,-1.0933904888458656,0.4966091295911265,1.014451439918981,0.1932326152717437,0.0006434171595019974,0.08313753112649315,0.16580072649865352,0.1954166644107188,0.2168017101756643,-1.562373999159407,9.656218266737312,2.2978273424386546,-1.6925279827023105,1.5528476507357432,1.464932352242053,30.522816037697794,0.002781345402259447,0.9425339025126714
2019-03-31,-0.009690293905780948,1.245788822992957,0.7092734297808851,-1.2824419861573957,0.17909451559185216,0.9279312329507847,0.205330005305872,0.00018372372758203572,0.023884685899713907,0.05555670175192051,0.5690816739964899,0.1409993720536527,-1.5109357254252427,13.318626612113842,3.545979343041114,-2.6743026718388667,0.6195813228936433,1.831393213481573,57.89016278292367,0.0008018298624002557,0.9693304650277145
2019-04-30,0.012359824453194534,1.1227431747841923,-0.14092173265478225,0.5474721103182801,-0.2163454888373375,-0.9014202606834123,0.08843303874881737,0.008558178691980112,0.294157017834816,0.09812478996811652,0.25214367404476207,0.09234936886352411,7.152527505752662,74.38281498601185,-2.0079594970959906,6.436399122887785,-2.3914056945659716,-6.845179779948012,2215.198518464303,0.01612940396183066,0.9994583367326473
2019-05-31,0.00470893186470088,1.039717579703781,0.12450728485947338,0.5013102300436283,-0.14139656324635352,-0.9062164637693,0.617351525712601,0.007227669868387728,0.5508687643167941,0.43862554967143086,0.6327228860123806,0.3865505491912161,0.5857237464686744,11.698674735667023,0.710902964430484,0.9593280513362068,-0.5584365315279642,-1.0985326029957456,61.36787026182103,0.016111100287282833,0.9773344945508774
2019-06-30,0.006743526790186782,1.049246634242874,0.1992877461231585,0.4892701746522019,-0.19124555590488815,-0.8977344275979751,0.14742075084343106,1.9332361240754142e-07,0.09811235725646389,0.06556412765663118,0.1547324459113773,0.01739106287972977,1.6627623992284968,26.436997718144273,1.9569260746388515,2.248634631873021,-1.6276058553163701,-3.253445001007879,211.9316736445171,1.1638916948589998e-06,0.9896777425786587
2019-07-31,0.008765843345224258,1.1189372578199808,-0.279325261170251,0.3634402310175167,0.0117098904417023,-0.5794465593139912,0.04889048661625045,0.0006919524878684177,0.08825868383406872,0.05771126172187117,0.794753541140837,0.02037898994221876,4.355043731037963,37.99586955824838,-3.1390146818991695,3.9802634435565407,0.2965763410454314,-6.897484513640496,576.1478171919343,0.0017335591115166297,0.9975717538801576
2019-08-31,-0.002518444492995481,1.0821759961101896,0.22177727457659113,-0.2763902727358122,0.030076494480921284,0.036023370371769406,0.6544502556083134,0.0004126554667069408,0.27800627755953894,0.3673824103218109,0.8031329952703679,0.8770926022484695,-0.47554202526071043,8.308310484931491,1.2167176990528932,-0.9905649798659306,0.26287785999846097,0.16274445491383244,14.889697946445342,0.005038242070608142,0.8741322832730489
2019-09-30,0.00122897216719111,1.1036751694837812,0.2925585072406801,0.313713336342274,0.016397115566083142,-0.5889232831119993,0.8610424461981098,0.1020193265929527,0.5263110134549812,0.6583962759510837,0.9073632383684596,0.43028081486560454,0.19844086336459124,2.885990308994328,0.7606487172150217,0.514022091017844,0.1315739365389704,-0.980367414999659,6.436431126533356,0.13991928701862785,0.7952147876446294
2019-10-31,-0.000897846314214901,1.1663846565849594,0.28070245637027175,0.25711394777759605,0.03840710351096238,-0.3793782634970643,0.9049793081649582,0.0923046591985974,0.546945383723751,0.720452781291473,0.7892735575419187,0.6115857345124778,-0.1349903422252182,3.0590655483395586,0.7187082131638574,0.4117553529276316,0.3048577519545741,-0.5961038995942636,4.713192310293947,0.1842490592028155,0.7261984460898331
2019-11-30,-0.0011339354949516335,1.1553759865875988,0.2752454458057518,0.23391793214714643,0.041548778820031954,-0.35693532061346167,0.8035652790127013,0.022526163543213424,0.43847167990386643,0.580617425779743,0.6820280150130513,0.4393186648196914,-0.2715746233809312,4.343617508003506,0.8912147616098458,0.6174874207737031,0.4518779171399156,-0.8893732981186653,7.184134798357216,0.06768872079808126,0.7944537136821337
2019-12-31,0.0014400225075864549,1.2078048223498927,0.11124152581022237,0.16453653975969862,-0.006111570317755027,-0.30041696544914154,0.8244772539975022,0.0555474858345299,0.807849007104606,0.7339854406406384,0.9636294407576714,0.5669247049424629,0.2521410428268421,4.0640987376520945,0.2769025151763165,0.39026295797231636,-0.05146979198990726,-0.6794870932889091,4.770636811103005,0.18232484285839473,0.729240313882856
2020-01-31,0.0022304186876187667,1.0928099338415072,0.005216850979859786,0.01237121925508572,-0.02878391782169842,-0.12411263816452672,0.7378737642984518,0.044155324999240735,0.9859624048888804,0.9774691682048896,0.8502293941726513,0.7818964357210376,0.38413427271869127,4.599849252030816,0.019854113652639945,0.03187149852106105,-0.2142239021715485,-0.3160538150965819,4.642583002656386,0.1866704458644494,0.7223645105568928
2020-02-29,0.0018195339563901122,1.1080763987150477,0.03756217002207862,-0.07646018463195219,-0.03901866144557333,-0.0217987040225813,0.4756100570371701,0.00022731600367663653,0.644929617188903,0.6055855348764085,0.5288750865001073,0.8520027045844686,0.7708771189316195,9.421641066262946,0.4899185618864898,-0.5506272994488772,-0.6762817676315427,-0.19643714012262103,29.929603700968336,0.0009859394598972704,0.9353370311712923
2020-03-31,0.002160195516133724,1.0888798076724,0.0383107598773251,-0.0698287735810303,-0.04286302333393695,-0.025661946539279862,0.5736845360466137,0.004289187413505487,0.6778234804397067,0.6877162369870807,0.5713179158066771,0.8492486363043161,0.6118849496022852,5.838771462921026,0.44728190490540876,-0.4324381109600349,-0.6158369363615325,-0.20271886636251346,18.73413296790766,0.00703967134596023,0.9078536015416095
2020-04-30,-0.0009419848509565143,1.2411636722646209,0.006446936258881479,-0.10394008268717214,-0.01355913779172905,0.010977487654725143,0.882913507111269,0.025179918634195126,0.9539623575756788,0.6044236664771798,0.8846207618263906,0.9447331783974031,-0.16018496314341601,4.1652217391146005,0.06268194917020525,-0.5769432916996325,-0.15782318957051789,0.07527682549140487,15.306620111176057,0.02403491567564653,0.8994129495255981
2020-05-31,0.002870180610541376,1.011288834290181,-0.038400407147431426,0.10339034749439406,-0.018264049333650945,-0.1529479849714464,0.4128487490349918,1.1404251616413527e-05,0.5643539474361963,0.30263420563169313,0.726801585636476,0.0939854250218922,0.8928371790073727,17.426374922331988,-0.6168188123528063,1.1487348502012178,-0.36962299064016296,-2.0637359784693383,90.56472410324248,6.69233241179941e-05,0.9781575271526519
2020-06-30,0.002500629186989395,1.0213716725602242,-0.030882057586492095,0.09550027804117223,-0.00737578660720975,-0.15382074181053068,0.31521116267789595,2.0510579800824562e-07,0.6286004424211684,0.2180317534681186,0.8814337201413591,0.0562811246652266,1.0957479312033163,26.175651580104205,-0.5094888622259474,1.3758023330248792,-0.15562322310654583,-2.360038421537569,225.64991809895105,9.656231933054819e-07,0.9903019581473228
2020-07-31,0.0006318677235309395,1.0227059404289458,-0.09300078263389489,0.0780858259327517,-0.023358113512093853,-0.10355367923677378,0.7992522073717638,1.7711850220997728e-07,0.17642677666492987,0.30382410855448844,0.6144960211317314,0.14904727563037765,0.26585215972813037,26.82846527430266,-1.5319184413523643,1.124349973207283,-0.5309919059452161,-1.65479893595732,257.75800998967384,6.496166266962542e-07,0.9915044141709007
2020-08-31,0.0006121037898335832,1.0353033415992312,-0.06042848716706983,0.04323120186274132,-0.018287071342322075,-0.06000627689961208,0.8127329174188824,2.911110645817541e-06,0.3328310124076389,0.6303706562603768,0.7333203681027101,0.5380676897645098,0.24972823655923912,22.966387960940388,-1.0717095487012185,0.5121309509899662,-0.3603320260615858,-0.6606287392562958,256.89613391608606,5.0650074413065116e-06,0.9922449399700937
2020-09-30,0.0005737294854282178,1.0399004657801638,-0.06515674034959945,0.025360684310953785,-0.01863262522383355,-0.03898840246514035,0.7846493225977651,1.3406138450442772e-06,0.26661883883904547,0.8195259420958623,0.7245148371710782,0.7430348853710186,0.28835097418787325,26.848082565382423,-1.2499922097561542,0.24045437718585405,-0.372891007922056,-0.34655319755910713,288.8588182492673,3.783775229341213e-06,0.9931000891672714
2020-10-31,-0.001979730992543554,1.0077240656973983,-0.017669744527084308,-0.031342021490753935,0.15559557428762077,0.05201059282648968,0.4152663650725144,1.8644499798795134e-05,0.7869882785377661,0.788942307990503,0.2444390960407113,0.6920713977770397,-0.9079348538445509,23.74766886738621,-0.28893308315472516,-0.2861909626947537,1.363437895384719,0.42593942651245303,343.95779736626713,2.3502893790291022e-05,0.9947789433226721
2020-11-30,0.0003088146549486588,1.064190500537153,-0.11320090215206485,0.1250278333946595,-0.149067677387126,-0.1651201655937926,0.8555400956641799,3.351526140584894e-06,0.08197808970163319,0.3215921362762541,0.06333753663584514,0.25279574713836434,0.1941222809979955,36.53302292170149,-2.3106016560351925,1.1301428883064408,-2.5495217495326585,-1.3349813671879833,592.7895888174951,7.935968251491113e-06,0.9969676018011269
2020-12-31,-0.002212694185022422,1.0557865758281415,-0.14003190497230533,-0.06978869833088364,-0.15418820480983214,-0.1274293847894964,0.560056776020802,0.014854577365024938,0.2809820272798513,0.6577069416717332,0.44112049895034366,0.475162812119637,-0.8271217381417271,42.84903003490125,-2.11662705013691,-0.5962704599256544,-1.204469681611057,-1.0812390217459187,893.3201480869701,0.025395868647055373,0.9986569972679755
